{
 "cells": [
  {
   "cell_type": "code",
   "execution_count": 1,
   "id": "33fdee46",
   "metadata": {},
   "outputs": [],
   "source": [
    "import numpy as np\n",
    "from rmg import *\n",
    "from util import *"
   ]
  },
  {
   "cell_type": "code",
   "execution_count": 2,
   "id": "d4dd96d6",
   "metadata": {},
   "outputs": [
    {
     "data": {
      "text/plain": [
       "array([[ 2.84217094e-14-3.10580344e-16j,  0.00000000e+00-1.42108547e-14j,\n",
       "        -1.42108547e-14-3.55271368e-15j,  1.42108547e-14+0.00000000e+00j,\n",
       "        -4.26325641e-14-7.10542736e-15j,  0.00000000e+00+0.00000000e+00j,\n",
       "         6.21724894e-15+0.00000000e+00j,  0.00000000e+00+0.00000000e+00j,\n",
       "         5.32907052e-15+0.00000000e+00j, -3.55271368e-15+1.77635684e-15j],\n",
       "       [ 0.00000000e+00+1.42108547e-14j, -2.84217094e-14+2.08511498e-16j,\n",
       "         7.10542736e-15-7.10542736e-15j,  0.00000000e+00+0.00000000e+00j,\n",
       "        -7.10542736e-15+7.10542736e-15j,  0.00000000e+00+1.77635684e-15j,\n",
       "         7.10542736e-15+0.00000000e+00j,  3.55271368e-15+7.10542736e-15j,\n",
       "         0.00000000e+00-7.10542736e-15j,  5.32907052e-15+3.55271368e-15j],\n",
       "       [-1.42108547e-14+7.10542736e-15j,  7.10542736e-15+7.10542736e-15j,\n",
       "        -2.84217094e-14-7.65533045e-16j, -1.42108547e-14+0.00000000e+00j,\n",
       "         0.00000000e+00+0.00000000e+00j,  2.84217094e-14+0.00000000e+00j,\n",
       "         0.00000000e+00+2.84217094e-14j, -2.84217094e-14+1.77635684e-15j,\n",
       "        -7.10542736e-15+2.84217094e-14j,  0.00000000e+00+0.00000000e+00j],\n",
       "       [ 1.42108547e-14+0.00000000e+00j,  0.00000000e+00+0.00000000e+00j,\n",
       "        -1.42108547e-14+0.00000000e+00j,  2.84217094e-14+1.41144522e-16j,\n",
       "         7.10542736e-15+1.77635684e-15j,  0.00000000e+00+0.00000000e+00j,\n",
       "        -3.55271368e-15-7.10542736e-15j, -3.55271368e-15-7.10542736e-15j,\n",
       "         1.42108547e-14-1.42108547e-14j, -7.10542736e-15+0.00000000e+00j],\n",
       "       [-4.26325641e-14+7.10542736e-15j, -7.10542736e-15-3.55271368e-15j,\n",
       "         0.00000000e+00+0.00000000e+00j,  7.10542736e-15-1.77635684e-15j,\n",
       "        -2.84217094e-14+2.24192163e-16j,  0.00000000e+00-7.10542736e-15j,\n",
       "         0.00000000e+00+0.00000000e+00j,  0.00000000e+00+0.00000000e+00j,\n",
       "         7.10542736e-15+2.84217094e-14j,  0.00000000e+00+2.84217094e-14j],\n",
       "       [ 0.00000000e+00+0.00000000e+00j,  0.00000000e+00-5.32907052e-15j,\n",
       "         2.84217094e-14-7.10542736e-15j,  0.00000000e+00-1.42108547e-14j,\n",
       "         0.00000000e+00+7.10542736e-15j,  5.68434189e-14+7.47704797e-17j,\n",
       "         0.00000000e+00+0.00000000e+00j, -5.68434189e-14+0.00000000e+00j,\n",
       "         0.00000000e+00+0.00000000e+00j,  7.10542736e-15-1.42108547e-14j],\n",
       "       [ 6.21724894e-15+0.00000000e+00j,  7.10542736e-15+0.00000000e+00j,\n",
       "         0.00000000e+00-2.84217094e-14j, -3.55271368e-15+7.10542736e-15j,\n",
       "         0.00000000e+00-3.55271368e-15j,  0.00000000e+00+0.00000000e+00j,\n",
       "         0.00000000e+00+3.82554731e-16j, -1.42108547e-14-7.10542736e-15j,\n",
       "         1.42108547e-14+0.00000000e+00j, -7.10542736e-15+7.10542736e-15j],\n",
       "       [ 0.00000000e+00+0.00000000e+00j,  3.55271368e-15-7.10542736e-15j,\n",
       "        -2.84217094e-14+7.10542736e-15j, -3.55271368e-15+7.10542736e-15j,\n",
       "         0.00000000e+00+0.00000000e+00j, -5.68434189e-14-3.55271368e-15j,\n",
       "        -1.42108547e-14+0.00000000e+00j,  0.00000000e+00-1.08236494e-15j,\n",
       "         0.00000000e+00+1.42108547e-14j, -7.10542736e-15+7.10542736e-15j],\n",
       "       [ 5.32907052e-15+0.00000000e+00j,  0.00000000e+00+7.10542736e-15j,\n",
       "        -7.10542736e-15-2.84217094e-14j,  1.42108547e-14+1.42108547e-14j,\n",
       "         7.10542736e-15-2.84217094e-14j,  0.00000000e+00+0.00000000e+00j,\n",
       "         1.42108547e-14+0.00000000e+00j,  0.00000000e+00-1.42108547e-14j,\n",
       "         2.84217094e-14+1.26512963e-15j,  0.00000000e+00+0.00000000e+00j],\n",
       "       [-3.55271368e-15-5.32907052e-15j,  5.32907052e-15+0.00000000e+00j,\n",
       "         0.00000000e+00+0.00000000e+00j, -7.10542736e-15+0.00000000e+00j,\n",
       "         0.00000000e+00-1.42108547e-14j,  7.10542736e-15+1.42108547e-14j,\n",
       "        -7.10542736e-15-7.10542736e-15j, -7.10542736e-15-1.42108547e-14j,\n",
       "         0.00000000e+00+7.10542736e-15j,  2.84217094e-14-3.67279395e-17j]])"
      ]
     },
     "execution_count": 2,
     "metadata": {},
     "output_type": "execute_result"
    }
   ],
   "source": [
    "c = Complex(10)\n",
    "\n",
    "n = c.normal()\n",
    "\n",
    "n@adjoint(n) - adjoint(n)@n"
   ]
  },
  {
   "cell_type": "code",
   "execution_count": null,
   "id": "2455e7d5",
   "metadata": {},
   "outputs": [],
   "source": []
  }
 ],
 "metadata": {
  "kernelspec": {
   "display_name": "Python 3 (ipykernel)",
   "language": "python",
   "name": "python3"
  },
  "language_info": {
   "codemirror_mode": {
    "name": "ipython",
    "version": 3
   },
   "file_extension": ".py",
   "mimetype": "text/x-python",
   "name": "python",
   "nbconvert_exporter": "python",
   "pygments_lexer": "ipython3",
   "version": "3.9.13"
  }
 },
 "nbformat": 4,
 "nbformat_minor": 5
}
